262
4558 15374 0 0 0 0 54
4558 15374 0 0 0 0 96
4558 15374 0 0 0 0 178
4697 15353 0 0 0 0 276
4790 15370 0 0 0 0 329
4901 15402 0 0 0 0 399
5021 15445 0 0 0 0 418
5140 15495 0 0 0 0 428
5255 15546 0 0 0 0 460
5358 15594 0 0 0 0 433
5444 15638 0 0 0 0 398
5509 15675 0 0 0 0 333
5549 15704 0 0 0 0 181
5567 15723 0 0 0 0 22
5567 15723 0 0 0 0 0
5524 15731 0 0 0 0 0
5465 15723 0 0 0 0 0
5388 15715 0 0 0 0 0
5299 15706 0 0 0 0 0
5211 15698 0 0 0 0 0
5139 15690 0 0 0 0 0
5091 15690 0 0 0 0 0
5071 15690 0 0 0 0 0
5071 15690 0 0 0 0 0
5081 15705 0 0 0 0 0
5095 15718 0 0 0 0 0
5109 15730 0 0 0 0 0
5109 15730 0 0 0 0 6
5109 15730 0 0 0 0 49
5109 15730 0 0 0 0 96
5109 15730 0 0 0 0 148
5109 15730 0 0 0 0 220
5109 15730 0 0 0 0 280
5210 15617 0 0 0 0 316
5235 15567 0 0 0 0 333
5264 15510 0 0 0 0 386
5295 15449 0 0 0 0 403
5329 15383 0 0 0 0 441
5369 15311 0 0 0 0 463
5414 15237 0 0 0 0 494
5461 15163 0 0 0 0 503
5507 15093 0 0 0 0 515
5546 15028 0 0 0 0 518
5576 14967 0 0 0 0 526
5594 14910 0 0 0 0 524
5600 14852 0 0 0 0 529
5593 14792 0 0 0 0 533
5575 14735 0 0 0 0 537
5546 14680 0 0 0 0 539
5506 14632 0 0 0 0 542
5456 14592 0 0 0 0 551
5395 14561 0 0 0 0 537
5326 14537 0 0 0 0 544
5251 14520 0 0 0 0 536
5180 14510 0 0 0 0 546
5117 14510 0 0 0 0 529
5065 14515 0 0 0 0 512
5028 14525 0 0 0 0 522
5000 14536 0 0 0 0 515
4981 14547 0 0 0 0 509
4971 14552 0 0 0 0 520
4966 14558 0 0 0 0 516
4966 14565 0 0 0 0 498
4966 14572 0 0 0 0 490
4979 14585 0 0 0 0 473
4991 14602 0 0 0 0 460
5008 14622 0 0 0 0 459
5027 14646 0 0 0 0 436
5044 14670 0 0 0 0 436
5061 14694 0 0 0 0 439
5078 14718 0 0 0 0 448
5096 14744 0 0 0 0 425
5120 14772 0 0 0 0 443
5148 14802 0 0 0 0 443
5183 14837 0 0 0 0 446
5224 14872 0 0 0 0 448
5270 14907 0 0 0 0 443
5318 14941 0 0 0 0 465
5367 14971 0 0 0 0 468
5420 14999 0 0 0 0 468
5473 15026 0 0 0 0 476
5528 15050 0 0 0 0 489
5583 15071 0 0 0 0 498
5637 15088 0 0 0 0 494
5689 15101 0 0 0 0 516
5738 15112 0 0 0 0 524
5783 15121 0 0 0 0 544
5820 15130 0 0 0 0 543
5854 15137 0 0 0 0 563
5884 15144 0 0 0 0 589
5911 15151 0 0 0 0 586
5939 15162 0 0 0 0 588
5961 15176 0 0 0 0 596
5978 15189 0 0 0 0 610
5988 15199 0 0 0 0 627
5988 15199 0 0 0 0 634
5988 15199 0 0 0 0 630
5988 15199 0 0 0 0 610
5988 15204 0 0 0 0 557
5981 15204 0 0 0 0 406
5976 15211 0 0 0 0 140
5976 15211 0 0 0 0 0
5976 15229 0 0 0 0 0
5990 15250 0 0 0 0 0
6017 15281 0 0 0 0 0
6058 15325 0 0 0 0 0
6109 15373 0 0 0 0 0
6169 15422 0 0 0 0 0
6234 15473 0 0 0 0 0
6299 15522 0 0 0 0 0
6358 15571 0 0 0 0 0
6402 15622 0 0 0 0 0
6432 15673 0 0 0 0 0
6451 15719 0 0 0 0 0
6460 15762 0 0 0 0 0
6460 15795 0 0 0 0 0
6460 15795 0 0 0 0 32
6460 15795 0 0 0 0 56
6460 15795 0 0 0 0 77
6460 15795 0 0 0 0 93
6460 15795 0 0 0 0 155
6364 15876 0 0 0 0 170
6345 15870 0 0 0 0 199
6328 15856 0 0 0 0 215
6309 15832 0 0 0 0 284
6287 15794 0 0 0 0 310
6259 15741 0 0 0 0 355
6222 15674 0 0 0 0 394
6180 15597 0 0 0 0 433
6135 15517 0 0 0 0 473
6090 15434 0 0 0 0 493
6049 15353 0 0 0 0 502
6019 15275 0 0 0 0 522
6001 15199 0 0 0 0 540
5996 15132 0 0 0 0 536
6007 15072 0 0 0 0 542
6032 15024 0 0 0 0 537
6069 14990 0 0 0 0 559
6119 14964 0 0 0 0 561
6177 14949 0 0 0 0 564
6243 14944 0 0 0 0 566
6317 14952 0 0 0 0 565
6394 14973 0 0 0 0 548
6472 15005 0 0 0 0 565
6545 15048 0 0 0 0 542
6608 15096 0 0 0 0 521
6657 15146 0 0 0 0 513
6689 15195 0 0 0 0 520
6705 15240 0 0 0 0 520
6705 15284 0 0 0 0 508
6699 15324 0 0 0 0 502
6682 15362 0 0 0 0 484
6655 15399 0 0 0 0 453
6619 15431 0 0 0 0 446
6573 15460 0 0 0 0 445
6518 15481 0 0 0 0 448
6459 15496 0 0 0 0 445
6398 15502 0 0 0 0 430
6337 15502 0 0 0 0 443
6279 15494 0 0 0 0 417
6227 15484 0 0 0 0 414
6184 15476 0 0 0 0 419
6155 15469 0 0 0 0 398
6144 15469 0 0 0 0 362
6150 15469 0 0 0 0 391
6174 15469 0 0 0 0 417
6216 15476 0 0 0 0 415
6271 15492 0 0 0 0 436
6337 15511 0 0 0 0 438
6409 15533 0 0 0 0 440
6480 15556 0 0 0 0 439
6549 15575 0 0 0 0 448
6609 15593 0 0 0 0 460
6658 15611 0 0 0 0 462
6693 15625 0 0 0 0 453
6713 15634 0 0 0 0 457
6722 15640 0 0 0 0 463
6722 15640 0 0 0 0 468
6722 15640 0 0 0 0 463
6712 15640 0 0 0 0 453
6701 15640 0 0 0 0 448
6686 15640 0 0 0 0 412
6673 15640 0 0 0 0 402
6664 15632 0 0 0 0 399
6664 15632 0 0 0 0 388
6664 15626 0 0 0 0 419
6682 15626 0 0 0 0 414
6701 15618 0 0 0 0 430
6726 15608 0 0 0 0 443
6758 15598 0 0 0 0 463
6794 15584 0 0 0 0 484
6835 15570 0 0 0 0 503
6878 15561 0 0 0 0 519
6923 15551 0 0 0 0 533
6972 15544 0 0 0 0 553
7025 15539 0 0 0 0 559
7084 15539 0 0 0 0 574
7150 15539 0 0 0 0 588
7220 15545 0 0 0 0 619
7292 15555 0 0 0 0 620
7368 15571 0 0 0 0 620
7447 15592 0 0 0 0 613
7530 15623 0 0 0 0 614
7613 15664 0 0 0 0 619
7696 15717 0 0 0 0 592
7773 15781 0 0 0 0 601
7841 15849 0 0 0 0 598
7896 15920 0 0 0 0 591
7934 15985 0 0 0 0 574
7953 16042 0 0 0 0 563
7953 16092 0 0 0 0 553
7929 16132 0 0 0 0 543
7887 16162 0 0 0 0 520
7826 16181 0 0 0 0 498
7744 16186 0 0 0 0 492
7643 16180 0 0 0 0 462
7524 16159 0 0 0 0 456
7391 16123 0 0 0 0 462
7250 16068 0 0 0 0 474
7106 15989 0 0 0 0 498
6969 15889 0 0 0 0 521
6848 15775 0 0 0 0 522
6757 15659 0 0 0 0 540
6699 15547 0 0 0 0 546
6679 15447 0 0 0 0 561
6697 15354 0 0 0 0 602
6751 15272 0 0 0 0 617
6837 15205 0 0 0 0 647
6951 15161 0 0 0 0 688
7092 15148 0 0 0 0 697
7253 15168 0 0 0 0 702
7431 15214 0 0 0 0 693
7612 15278 0 0 0 0 694
7780 15348 0 0 0 0 691
7922 15414 0 0 0 0 689
8031 15474 0 0 0 0 679
8103 15517 0 0 0 0 680
8141 15544 0 0 0 0 693
8152 15561 0 0 0 0 672
8139 15573 0 0 0 0 625
8111 15582 0 0 0 0 634
8078 15592 0 0 0 0 613
8045 15592 0 0 0 0 589
8020 15592 0 0 0 0 572
8005 15587 0 0 0 0 563
7999 15582 0 0 0 0 557
7999 15582 0 0 0 0 546
7999 15582 0 0 0 0 553
7999 15582 0 0 0 0 562
8005 15582 0 0 0 0 570
8005 15582 0 0 0 0 564
8010 15582 0 0 0 0 574
8010 15582 0 0 0 0 581
8010 15582 0 0 0 0 584
8010 15582 0 0 0 0 591
8010 15582 0 0 0 0 592
8010 15582 0 0 0 0 592
8010 15582 0 0 0 0 592
8010 15582 0 0 0 0 591
8010 15582 0 0 0 0 570
8010 15582 0 0 0 0 479
8010 15582 0 0 0 0 244
