1038
4226 18107 0 0 0 0 13
4226 18107 0 0 0 0 62
4226 18107 0 0 0 0 90
4226 18107 0 0 0 0 140
4226 18107 0 0 0 0 173
4226 18107 0 0 0 0 215
4226 18107 0 0 0 0 243
4226 18107 0 0 0 0 279
4226 18107 0 0 0 0 300
4340 18064 0 0 0 0 316
4370 18070 0 0 0 0 310
4401 18081 0 0 0 0 318
4429 18096 0 0 0 0 342
4455 18114 0 0 0 0 341
4479 18132 0 0 0 0 353
4500 18149 0 0 0 0 353
4517 18162 0 0 0 0 365
4528 18174 0 0 0 0 372
4536 18189 0 0 0 0 367
4536 18206 0 0 0 0 360
4543 18224 0 0 0 0 365
4543 18240 0 0 0 0 362
4549 18250 0 0 0 0 365
4549 18250 0 0 0 0 365
4549 18250 0 0 0 0 365
4549 18255 0 0 0 0 361
4549 18255 0 0 0 0 371
4549 18255 0 0 0 0 368
4549 18255 0 0 0 0 366
4549 18255 0 0 0 0 366
4549 18255 0 0 0 0 366
4549 18255 0 0 0 0 368
4549 18255 0 0 0 0 370
4549 18255 0 0 0 0 371
4544 18249 0 0 0 0 362
4544 18243 0 0 0 0 371
4538 18243 0 0 0 0 368
4538 18237 0 0 0 0 366
4531 18237 0 0 0 0 363
4531 18237 0 0 0 0 363
4526 18237 0 0 0 0 353
4526 18231 0 0 0 0 344
4526 18231 0 0 0 0 315
4521 18231 0 0 0 0 297
4521 18224 0 0 0 0 305
4515 18215 0 0 0 0 303
4510 18203 0 0 0 0 308
4505 18190 0 0 0 0 309
4505 18182 0 0 0 0 309
4498 18177 0 0 0 0 306
4498 18177 0 0 0 0 303
4498 18177 0 0 0 0 300
4498 18177 0 0 0 0 295
4498 18177 0 0 0 0 290
4493 18172 0 0 0 0 285
4493 18172 0 0 0 0 285
4487 18167 0 0 0 0 290
4482 18159 0 0 0 0 309
4477 18149 0 0 0 0 314
4472 18137 0 0 0 0 314
4465 18125 0 0 0 0 304
4458 18113 0 0 0 0 311
4452 18102 0 0 0 0 311
4447 18087 0 0 0 0 323
4442 18072 0 0 0 0 324
4442 18054 0 0 0 0 329
4432 18036 0 0 0 0 328
4425 18017 0 0 0 0 345
4417 17997 0 0 0 0 342
4409 17975 0 0 0 0 347
4400 17951 0 0 0 0 349
4393 17928 0 0 0 0 366
4386 17905 0 0 0 0 371
4379 17884 0 0 0 0 362
4373 17864 0 0 0 0 367
4373 17847 0 0 0 0 367
4366 17828 0 0 0 0 396
4366 17810 0 0 0 0 386
4366 17789 0 0 0 0 411
4366 17763 0 0 0 0 414
4359 17738 0 0 0 0 416
4359 17713 0 0 0 0 414
4351 17689 0 0 0 0 423
4351 17666 0 0 0 0 420
4342 17646 0 0 0 0 423
4336 17627 0 0 0 0 436
4330 17606 0 0 0 0 446
4325 17585 0 0 0 0 453
4325 17564 0 0 0 0 454
4319 17541 0 0 0 0 454
4319 17520 0 0 0 0 459
4319 17499 0 0 0 0 459
4314 17476 0 0 0 0 457
4314 17453 0 0 0 0 457
4314 17432 0 0 0 0 459
4314 17411 0 0 0 0 460
4314 17396 0 0 0 0 460
4307 17382 0 0 0 0 459
4307 17372 0 0 0 0 454
4307 17366 0 0 0 0 448
4307 17361 0 0 0 0 442
4307 17361 0 0 0 0 443
4307 17361 0 0 0 0 417
4307 17361 0 0 0 0 409
4307 17366 0 0 0 0 412
4318 17374 0 0 0 0 422
4332 17388 0 0 0 0 417
4351 17410 0 0 0 0 422
4372 17438 0 0 0 0 412
4396 17470 0 0 0 0 419
4419 17502 0 0 0 0 412
4442 17535 0 0 0 0 394
4464 17568 0 0 0 0 419
4485 17601 0 0 0 0 420
4503 17637 0 0 0 0 423
4520 17674 0 0 0 0 423
4539 17716 0 0 0 0 418
4559 17760 0 0 0 0 430
4581 17805 0 0 0 0 441
4604 17851 0 0 0 0 440
4625 17894 0 0 0 0 448
4642 17932 0 0 0 0 459
4657 17966 0 0 0 0 468
4670 17997 0 0 0 0 487
4684 18024 0 0 0 0 489
4701 18054 0 0 0 0 498
4720 18086 0 0 0 0 489
4744 18117 0 0 0 0 491
4769 18145 0 0 0 0 511
4793 18172 0 0 0 0 503
4819 18200 0 0 0 0 511
4842 18228 0 0 0 0 516
4864 18258 0 0 0 0 516
4884 18285 0 0 0 0 516
4900 18306 0 0 0 0 513
4911 18321 0 0 0 0 516
4918 18329 0 0 0 0 512
4918 18329 0 0 0 0 515
4918 18334 0 0 0 0 515
4918 18334 0 0 0 0 520
4912 18334 0 0 0 0 505
4912 18334 0 0 0 0 492
4907 18329 0 0 0 0 467
4901 18316 0 0 0 0 470
4890 18294 0 0 0 0 462
4876 18260 0 0 0 0 468
4861 18219 0 0 0 0 474
4845 18171 0 0 0 0 484
4829 18124 0 0 0 0 479
4816 18078 0 0 0 0 490
4800 18034 0 0 0 0 489
4788 17992 0 0 0 0 493
4777 17951 0 0 0 0 496
4768 17912 0 0 0 0 498
4768 17876 0 0 0 0 495
4763 17843 0 0 0 0 496
4763 17818 0 0 0 0 467
4763 17799 0 0 0 0 448
4772 17785 0 0 0 0 427
4779 17779 0 0 0 0 425
4788 17773 0 0 0 0 425
4796 17773 0 0 0 0 409
4803 17773 0 0 0 0 395
4809 17773 0 0 0 0 394
4816 17773 0 0 0 0 397
4827 17773 0 0 0 0 394
4841 17786 0 0 0 0 389
4856 17801 0 0 0 0 397
4872 17822 0 0 0 0 394
4887 17845 0 0 0 0 418
4901 17865 0 0 0 0 433
4918 17887 0 0 0 0 431
4936 17907 0 0 0 0 443
4956 17929 0 0 0 0 440
4977 17951 0 0 0 0 436
4997 17969 0 0 0 0 440
5015 17982 0 0 0 0 446
5030 17990 0 0 0 0 446
5041 17990 0 0 0 0 443
5050 17990 0 0 0 0 448
5057 17990 0 0 0 0 443
5057 17983 0 0 0 0 443
5066 17976 0 0 0 0 443
5066 17966 0 0 0 0 456
5066 17952 0 0 0 0 460
5066 17931 0 0 0 0 465
5066 17914 0 0 0 0 449
5058 17898 0 0 0 0 445
5058 17882 0 0 0 0 445
5058 17873 0 0 0 0 439
5058 17864 0 0 0 0 422
5058 17859 0 0 0 0 419
5058 17859 0 0 0 0 414
5065 17859 0 0 0 0 416
5072 17869 0 0 0 0 416
5082 17882 0 0 0 0 415
5099 17902 0 0 0 0 414
5120 17926 0 0 0 0 422
5141 17950 0 0 0 0 430
5162 17972 0 0 0 0 427
5182 17986 0 0 0 0 440
5199 17994 0 0 0 0 440
5214 17994 0 0 0 0 448
5225 17994 0 0 0 0 444
5231 17987 0 0 0 0 467
5231 17975 0 0 0 0 470
5231 17959 0 0 0 0 481
5231 17938 0 0 0 0 490
5231 17915 0 0 0 0 496
5231 17897 0 0 0 0 489
5226 17885 0 0 0 0 453
5226 17879 0 0 0 0 414
5235 17879 0 0 0 0 397
5244 17879 0 0 0 0 398
5259 17890 0 0 0 0 388
5277 17902 0 0 0 0 371
5296 17921 0 0 0 0 341
5316 17938 0 0 0 0 345
5333 17952 0 0 0 0 352
5346 17963 0 0 0 0 358
5358 17963 0 0 0 0 373
5368 17963 0 0 0 0 388
5375 17963 0 0 0 0 389
5375 17963 0 0 0 0 416
5380 17956 0 0 0 0 449
5380 17948 0 0 0 0 465
5380 17937 0 0 0 0 478
5387 17925 0 0 0 0 478
5393 17914 0 0 0 0 492
5400 17904 0 0 0 0 489
5407 17897 0 0 0 0 484
5414 17891 0 0 0 0 464
5420 17891 0 0 0 0 457
5420 17886 0 0 0 0 443
5427 17886 0 0 0 0 448
5427 17886 0 0 0 0 449
5436 17886 0 0 0 0 440
5441 17886 0 0 0 0 448
5448 17886 0 0 0 0 454
5453 17886 0 0 0 0 457
5453 17886 0 0 0 0 460
5462 17886 0 0 0 0 463
5468 17881 0 0 0 0 488
5475 17881 0 0 0 0 497
5483 17875 0 0 0 0 495
5489 17875 0 0 0 0 494
5489 17875 0 0 0 0 494
5489 17875 0 0 0 0 495
5489 17875 0 0 0 0 498
5489 17875 0 0 0 0 503
5489 17875 0 0 0 0 505
5489 17875 0 0 0 0 505
5489 17875 0 0 0 0 505
5489 17875 0 0 0 0 500
5489 17875 0 0 0 0 495
5489 17875 0 0 0 0 495
5489 17875 0 0 0 0 484
5489 17875 0 0 0 0 479
5489 17875 0 0 0 0 482
5489 17875 0 0 0 0 481
5489 17875 0 0 0 0 479
5489 17875 0 0 0 0 481
5489 17875 0 0 0 0 479
5489 17875 0 0 0 0 478
5489 17875 0 0 0 0 476
5489 17875 0 0 0 0 474
5489 17875 0 0 0 0 467
5489 17875 0 0 0 0 468
5489 17875 0 0 0 0 460
5489 17875 0 0 0 0 448
5489 17875 0 0 0 0 446
5489 17875 0 0 0 0 438
5494 17875 0 0 0 0 433
5500 17875 0 0 0 0 438
5512 17883 0 0 0 0 443
5527 17891 0 0 0 0 433
5544 17902 0 0 0 0 427
5559 17911 0 0 0 0 425
5568 17916 0 0 0 0 427
5568 17916 0 0 0 0 440
5574 17916 0 0 0 0 448
5574 17916 0 0 0 0 448
5574 17916 0 0 0 0 457
5574 17916 0 0 0 0 460
5569 17916 0 0 0 0 468
5569 17916 0 0 0 0 473
5569 17916 0 0 0 0 473
5569 17916 0 0 0 0 471
5569 17916 0 0 0 0 468
5569 17916 0 0 0 0 465
5569 17916 0 0 0 0 459
5569 17916 0 0 0 0 457
5569 17916 0 0 0 0 449
5569 17916 0 0 0 0 442
5569 17916 0 0 0 0 446
5569 17916 0 0 0 0 441
5569 17916 0 0 0 0 435
5569 17916 0 0 0 0 433
5569 17916 0 0 0 0 438
5569 17916 0 0 0 0 443
5569 17916 0 0 0 0 445
5569 17916 0 0 0 0 456
5569 17921 0 0 0 0 463
5574 17921 0 0 0 0 471
5574 17921 0 0 0 0 465
5574 17921 0 0 0 0 468
5581 17928 0 0 0 0 471
5588 17935 0 0 0 0 464
5598 17943 0 0 0 0 464
5607 17950 0 0 0 0 464
5616 17955 0 0 0 0 465
5621 17960 0 0 0 0 473
5621 17965 0 0 0 0 473
5621 17965 0 0 0 0 471
5626 17970 0 0 0 0 462
5626 17970 0 0 0 0 448
5626 17970 0 0 0 0 449
5626 17970 0 0 0 0 441
5626 17970 0 0 0 0 438
5626 17970 0 0 0 0 438
5626 17970 0 0 0 0 435
5626 17970 0 0 0 0 435
5636 17970 0 0 0 0 438
5646 17981 0 0 0 0 428
5663 17997 0 0 0 0 409
5686 18019 0 0 0 0 406
5713 18045 0 0 0 0 419
5743 18073 0 0 0 0 414
5773 18103 0 0 0 0 418
5805 18140 0 0 0 0 414
5838 18186 0 0 0 0 417
5873 18237 0 0 0 0 425
5907 18291 0 0 0 0 430
5941 18342 0 0 0 0 435
5971 18389 0 0 0 0 448
5995 18430 0 0 0 0 453
6013 18464 0 0 0 0 462
6024 18491 0 0 0 0 468
6033 18510 0 0 0 0 482
6038 18525 0 0 0 0 489
6038 18537 0 0 0 0 487
6045 18550 0 0 0 0 481
6045 18565 0 0 0 0 468
6053 18581 0 0 0 0 468
6053 18599 0 0 0 0 467
6061 18616 0 0 0 0 464
6067 18636 0 0 0 0 465
6075 18662 0 0 0 0 467
6083 18687 0 0 0 0 468
6092 18712 0 0 0 0 473
6099 18732 0 0 0 0 489
6099 18747 0 0 0 0 482
6105 18762 0 0 0 0 479
6105 18776 0 0 0 0 482
6105 18787 0 0 0 0 485
6105 18794 0 0 0 0 482
6105 18794 0 0 0 0 471
6100 18794 0 0 0 0 446
6100 18779 0 0 0 0 439
6100 18755 0 0 0 0 457
6090 18721 0 0 0 0 454
6081 18674 0 0 0 0 457
6070 18626 0 0 0 0 463
6061 18575 0 0 0 0 482
6054 18524 0 0 0 0 498
6048 18477 0 0 0 0 495
6043 18426 0 0 0 0 517
6035 18374 0 0 0 0 515
6028 18316 0 0 0 0 529
6021 18252 0 0 0 0 537
6014 18187 0 0 0 0 537
6006 18121 0 0 0 0 542
5997 18057 0 0 0 0 562
5989 17992 0 0 0 0 562
5982 17933 0 0 0 0 562
5977 17881 0 0 0 0 570
5977 17841 0 0 0 0 569
5969 17815 0 0 0 0 569
5969 17796 0 0 0 0 569
5962 17783 0 0 0 0 570
5962 17774 0 0 0 0 569
5962 17768 0 0 0 0 566
5962 17768 0 0 0 0 566
5962 17768 0 0 0 0 569
5962 17768 0 0 0 0 577
5962 17768 0 0 0 0 578
5962 17777 0 0 0 0 574
5962 17788 0 0 0 0 578
5962 17806 0 0 0 0 574
5970 17834 0 0 0 0 530
5977 17864 0 0 0 0 539
5985 17894 0 0 0 0 542
5993 17924 0 0 0 0 544
6003 17947 0 0 0 0 538
6015 17969 0 0 0 0 532
6026 17990 0 0 0 0 544
6037 18004 0 0 0 0 537
6046 18014 0 0 0 0 539
6057 18023 0 0 0 0 542
6072 18033 0 0 0 0 540
6091 18043 0 0 0 0 541
6113 18056 0 0 0 0 540
6137 18068 0 0 0 0 543
6159 18075 0 0 0 0 540
6180 18081 0 0 0 0 532
6199 18081 0 0 0 0 527
6212 18086 0 0 0 0 515
6220 18086 0 0 0 0 513
6220 18086 0 0 0 0 502
6220 18086 0 0 0 0 488
6220 18086 0 0 0 0 492
6220 18086 0 0 0 0 485
6220 18086 0 0 0 0 481
6220 18086 0 0 0 0 465
6220 18086 0 0 0 0 460
6220 18086 0 0 0 0 453
6226 18086 0 0 0 0 448
6234 18078 0 0 0 0 446
6246 18078 0 0 0 0 448
6262 18078 0 0 0 0 456
6285 18078 0 0 0 0 457
6314 18078 0 0 0 0 457
6346 18090 0 0 0 0 454
6379 18099 0 0 0 0 449
6411 18111 0 0 0 0 443
6438 18123 0 0 0 0 442
6460 18134 0 0 0 0 446
6476 18141 0 0 0 0 443
6485 18141 0 0 0 0 446
6491 18141 0 0 0 0 443
6491 18136 0 0 0 0 453
6491 18129 0 0 0 0 457
6497 18121 0 0 0 0 460
6497 18112 0 0 0 0 459
6503 18104 0 0 0 0 453
6503 18098 0 0 0 0 440
6508 18098 0 0 0 0 438
6508 18098 0 0 0 0 431
6515 18098 0 0 0 0 425
6524 18098 0 0 0 0 417
6540 18112 0 0 0 0 414
6562 18124 0 0 0 0 411
6590 18142 0 0 0 0 394
6621 18164 0 0 0 0 389
6653 18186 0 0 0 0 395
6685 18206 0 0 0 0 394
6712 18223 0 0 0 0 402
6734 18233 0 0 0 0 414
6748 18239 0 0 0 0 422
6754 18239 0 0 0 0 427
6754 18244 0 0 0 0 441
6754 18244 0 0 0 0 449
6754 18244 0 0 0 0 448
6754 18244 0 0 0 0 440
6754 18237 0 0 0 0 430
6754 18237 0 0 0 0 430
6754 18227 0 0 0 0 433
6754 18217 0 0 0 0 433
6754 18205 0 0 0 0 423
6760 18190 0 0 0 0 423
6760 18173 0 0 0 0 430
6760 18155 0 0 0 0 436
6760 18134 0 0 0 0 438
6760 18113 0 0 0 0 444
6754 18093 0 0 0 0 440
6754 18071 0 0 0 0 445
6744 18046 0 0 0 0 471
6738 18018 0 0 0 0 484
6732 17982 0 0 0 0 506
6732 17943 0 0 0 0 521
6727 17903 0 0 0 0 545
6727 17859 0 0 0 0 548
6727 17817 0 0 0 0 551
6727 17774 0 0 0 0 553
6721 17729 0 0 0 0 561
6716 17684 0 0 0 0 565
6708 17637 0 0 0 0 565
6701 17588 0 0 0 0 560
6694 17547 0 0 0 0 568
6686 17510 0 0 0 0 567
6681 17483 0 0 0 0 563
6676 17465 0 0 0 0 566
6676 17452 0 0 0 0 570
6670 17446 0 0 0 0 575
6670 17446 0 0 0 0 578
6665 17446 0 0 0 0 578
6665 17446 0 0 0 0 572
6658 17446 0 0 0 0 566
6651 17446 0 0 0 0 568
6642 17446 0 0 0 0 556
6631 17453 0 0 0 0 550
6619 17458 0 0 0 0 546
6610 17458 0 0 0 0 546
6605 17458 0 0 0 0 546
6605 17458 0 0 0 0 553
6605 17458 0 0 0 0 565
6605 17463 0 0 0 0 570
6605 17463 0 0 0 0 583
6605 17469 0 0 0 0 584
6612 17479 0 0 0 0 553
6621 17497 0 0 0 0 554
6635 17519 0 0 0 0 546
6650 17549 0 0 0 0 542
6666 17579 0 0 0 0 535
6683 17608 0 0 0 0 544
6700 17638 0 0 0 0 532
6716 17668 0 0 0 0 521
6731 17697 0 0 0 0 513
6745 17729 0 0 0 0 526
6758 17763 0 0 0 0 502
6774 17800 0 0 0 0 498
6792 17837 0 0 0 0 494
6809 17874 0 0 0 0 496
6825 17905 0 0 0 0 488
6839 17933 0 0 0 0 498
6849 17955 0 0 0 0 500
6858 17973 0 0 0 0 503
6869 17992 0 0 0 0 498
6881 18011 0 0 0 0 500
6896 18033 0 0 0 0 498
6911 18058 0 0 0 0 505
6925 18084 0 0 0 0 489
6937 18110 0 0 0 0 498
6947 18132 0 0 0 0 503
6955 18150 0 0 0 0 512
6961 18165 0 0 0 0 521
6966 18186 0 0 0 0 506
6973 18210 0 0 0 0 506
6983 18237 0 0 0 0 509
6997 18263 0 0 0 0 511
7013 18284 0 0 0 0 503
7029 18299 0 0 0 0 505
7043 18312 0 0 0 0 505
7055 18322 0 0 0 0 502
7065 18327 0 0 0 0 498
7072 18327 0 0 0 0 496
7080 18327 0 0 0 0 481
7086 18327 0 0 0 0 479
7093 18332 0 0 0 0 481
7099 18332 0 0 0 0 482
7106 18332 0 0 0 0 482
7113 18332 0 0 0 0 482
7118 18332 0 0 0 0 471
7123 18332 0 0 0 0 465
7130 18326 0 0 0 0 464
7139 18326 0 0 0 0 468
7154 18321 0 0 0 0 481
7176 18316 0 0 0 0 492
7201 18316 0 0 0 0 493
7231 18308 0 0 0 0 492
7257 18308 0 0 0 0 495
7280 18308 0 0 0 0 493
7297 18308 0 0 0 0 485
7306 18302 0 0 0 0 474
7312 18302 0 0 0 0 468
7312 18297 0 0 0 0 474
7320 18291 0 0 0 0 493
7326 18285 0 0 0 0 498
7337 18277 0 0 0 0 498
7349 18271 0 0 0 0 500
7361 18271 0 0 0 0 502
7373 18271 0 0 0 0 500
7382 18277 0 0 0 0 498
7390 18289 0 0 0 0 494
7401 18308 0 0 0 0 496
7411 18326 0 0 0 0 482
7422 18343 0 0 0 0 482
7433 18357 0 0 0 0 481
7441 18365 0 0 0 0 481
7448 18365 0 0 0 0 482
7459 18370 0 0 0 0 484
7471 18370 0 0 0 0 482
7484 18370 0 0 0 0 481
7496 18370 0 0 0 0 482
7506 18370 0 0 0 0 492
7514 18370 0 0 0 0 484
7523 18363 0 0 0 0 481
7533 18357 0 0 0 0 481
7545 18351 0 0 0 0 474
7559 18345 0 0 0 0 468
7573 18339 0 0 0 0 471
7589 18332 0 0 0 0 471
7606 18325 0 0 0 0 468
7624 18318 0 0 0 0 468
7642 18313 0 0 0 0 467
7662 18313 0 0 0 0 468
7681 18313 0 0 0 0 465
7701 18324 0 0 0 0 463
7720 18334 0 0 0 0 459
7737 18344 0 0 0 0 448
7752 18353 0 0 0 0 439
7764 18362 0 0 0 0 440
7773 18370 0 0 0 0 448
7779 18370 0 0 0 0 443
7779 18376 0 0 0 0 443
7786 18376 0 0 0 0 443
7791 18371 0 0 0 0 438
7798 18371 0 0 0 0 441
7807 18361 0 0 0 0 438
7819 18355 0 0 0 0 443
7833 18355 0 0 0 0 443
7848 18349 0 0 0 0 443
7866 18349 0 0 0 0 440
7883 18349 0 0 0 0 441
7896 18358 0 0 0 0 440
7906 18358 0 0 0 0 440
7913 18365 0 0 0 0 441
7913 18365 0 0 0 0 443
7919 18365 0 0 0 0 446
7919 18371 0 0 0 0 439
7919 18377 0 0 0 0 443
7926 18382 0 0 0 0 456
7926 18382 0 0 0 0 467
7926 18389 0 0 0 0 464
7926 18389 0 0 0 0 473
7926 18389 0 0 0 0 482
7926 18389 0 0 0 0 481
7926 18394 0 0 0 0 473
7926 18394 0 0 0 0 471
7939 18404 0 0 0 0 460
7951 18415 0 0 0 0 454
7968 18432 0 0 0 0 448
7987 18454 0 0 0 0 438
8004 18477 0 0 0 0 428
8023 18504 0 0 0 0 417
8042 18534 0 0 0 0 416
8063 18569 0 0 0 0 377
8085 18609 0 0 0 0 394
8104 18654 0 0 0 0 390
8119 18702 0 0 0 0 386
8128 18755 0 0 0 0 390
8128 18814 0 0 0 0 386
8128 18875 0 0 0 0 382
8122 18934 0 0 0 0 371
8109 18983 0 0 0 0 373
8090 19018 0 0 0 0 364
8069 19036 0 0 0 0 361
8047 19036 0 0 0 0 355
8026 19023 0 0 0 0 345
8007 18987 0 0 0 0 357
7989 18929 0 0 0 0 396
7971 18847 0 0 0 0 418
7955 18739 0 0 0 0 443
7939 18607 0 0 0 0 464
7923 18456 0 0 0 0 468
7908 18294 0 0 0 0 491
7894 18131 0 0 0 0 520
7883 17974 0 0 0 0 526
7876 17828 0 0 0 0 522
7871 17700 0 0 0 0 543
7871 17595 0 0 0 0 538
7871 17519 0 0 0 0 540
7871 17472 0 0 0 0 541
7871 17447 0 0 0 0 538
7871 17442 0 0 0 0 540
7871 17464 0 0 0 0 516
7871 17512 0 0 0 0 530
7871 17591 0 0 0 0 532
7863 17709 0 0 0 0 498
7858 17847 0 0 0 0 503
7858 18002 0 0 0 0 515
7858 18162 0 0 0 0 478
7870 18310 0 0 0 0 500
7889 18446 0 0 0 0 517
7917 18568 0 0 0 0 503
7959 18677 0 0 0 0 498
8011 18775 0 0 0 0 512
8077 18857 0 0 0 0 519
8154 18922 0 0 0 0 518
8239 18968 0 0 0 0 521
8335 19000 0 0 0 0 516
8431 19019 0 0 0 0 522
8526 19027 0 0 0 0 515
8611 19027 0 0 0 0 515
8678 19012 0 0 0 0 519
8730 18993 0 0 0 0 516
8766 18973 0 0 0 0 498
8790 18949 0 0 0 0 496
8803 18922 0 0 0 0 485
8803 18893 0 0 0 0 485
8785 18861 0 0 0 0 484
8751 18830 0 0 0 0 484
8703 18801 0 0 0 0 464
8650 18773 0 0 0 0 468
8592 18743 0 0 0 0 453
8537 18714 0 0 0 0 440
8487 18687 0 0 0 0 427
8445 18665 0 0 0 0 427
8410 18650 0 0 0 0 415
8386 18641 0 0 0 0 422
8373 18636 0 0 0 0 427
8368 18636 0 0 0 0 415
8376 18636 0 0 0 0 409
8396 18636 0 0 0 0 419
8427 18645 0 0 0 0 427
8469 18651 0 0 0 0 441
8516 18651 0 0 0 0 445
8567 18651 0 0 0 0 457
8617 18646 0 0 0 0 467
8664 18636 0 0 0 0 465
8704 18623 0 0 0 0 463
8737 18605 0 0 0 0 473
8759 18584 0 0 0 0 473
8771 18559 0 0 0 0 478
8771 18529 0 0 0 0 498
8762 18497 0 0 0 0 511
8740 18464 0 0 0 0 520
8707 18432 0 0 0 0 494
8663 18399 0 0 0 0 489
8612 18371 0 0 0 0 479
8558 18345 0 0 0 0 490
8507 18323 0 0 0 0 476
8462 18309 0 0 0 0 467
8433 18300 0 0 0 0 457
8418 18300 0 0 0 0 431
8418 18300 0 0 0 0 422
8438 18300 0 0 0 0 448
8470 18307 0 0 0 0 443
8515 18307 0 0 0 0 443
8568 18307 0 0 0 0 448
8619 18307 0 0 0 0 463
8664 18286 0 0 0 0 478
8701 18263 0 0 0 0 481
8728 18234 0 0 0 0 493
8747 18201 0 0 0 0 497
8757 18167 0 0 0 0 516
8757 18133 0 0 0 0 515
8757 18102 0 0 0 0 521
8737 18076 0 0 0 0 522
8709 18054 0 0 0 0 513
8673 18036 0 0 0 0 511
8635 18022 0 0 0 0 509
8596 18010 0 0 0 0 496
8562 18002 0 0 0 0 498
8533 17995 0 0 0 0 489
8508 17995 0 0 0 0 478
8491 17995 0 0 0 0 473
8479 17995 0 0 0 0 473
8472 17995 0 0 0 0 478
8467 17995 0 0 0 0 478
8467 18000 0 0 0 0 481
8467 18000 0 0 0 0 479
8467 18000 0 0 0 0 482
8467 18000 0 0 0 0 479
8467 18000 0 0 0 0 479
8467 18000 0 0 0 0 481
8467 18000 0 0 0 0 479
8467 18000 0 0 0 0 482
8467 18000 0 0 0 0 482
8467 18000 0 0 0 0 481
8467 18000 0 0 0 0 481
8467 18000 0 0 0 0 482
8467 18000 0 0 0 0 481
8467 18000 0 0 0 0 478
8467 18000 0 0 0 0 471
8457 18007 0 0 0 0 441
8447 18013 0 0 0 0 427
8431 18018 0 0 0 0 436
8410 18018 0 0 0 0 440
8381 18024 0 0 0 0 431
8345 18024 0 0 0 0 436
8303 18024 0 0 0 0 444
8254 18024 0 0 0 0 431
8202 18024 0 0 0 0 417
8148 18024 0 0 0 0 435
8094 18024 0 0 0 0 422
8045 18024 0 0 0 0 436
8005 18024 0 0 0 0 441
7974 18024 0 0 0 0 446
7951 18024 0 0 0 0 448
7936 18029 0 0 0 0 443
7925 18029 0 0 0 0 453
7918 18034 0 0 0 0 457
7918 18034 0 0 0 0 459
7918 18040 0 0 0 0 460
7918 18040 0 0 0 0 460
7918 18040 0 0 0 0 457
7918 18040 0 0 0 0 454
7918 18040 0 0 0 0 448
7918 18040 0 0 0 0 442
7918 18040 0 0 0 0 446
7918 18040 0 0 0 0 440
7918 18040 0 0 0 0 430
7923 18045 0 0 0 0 425
7923 18045 0 0 0 0 423
7929 18051 0 0 0 0 423
7929 18051 0 0 0 0 422
7939 18057 0 0 0 0 422
7945 18057 0 0 0 0 422
7951 18064 0 0 0 0 411
7959 18071 0 0 0 0 399
7967 18078 0 0 0 0 388
7973 18085 0 0 0 0 378
7980 18092 0 0 0 0 378
7985 18100 0 0 0 0 378
7985 18109 0 0 0 0 378
7992 18118 0 0 0 0 378
7992 18127 0 0 0 0 377
8001 18135 0 0 0 0 373
8009 18141 0 0 0 0 370
8020 18146 0 0 0 0 370
8033 18153 0 0 0 0 370
8045 18159 0 0 0 0 373
8057 18164 0 0 0 0 383
8069 18164 0 0 0 0 396
8083 18164 0 0 0 0 416
8103 18157 0 0 0 0 422
8126 18150 0 0 0 0 430
8154 18143 0 0 0 0 440
8186 18138 0 0 0 0 451
8220 18138 0 0 0 0 460
8258 18138 0 0 0 0 463
8298 18146 0 0 0 0 462
8334 18155 0 0 0 0 457
8365 18167 0 0 0 0 448
8392 18179 0 0 0 0 453
8414 18191 0 0 0 0 453
8436 18203 0 0 0 0 453
8455 18213 0 0 0 0 453
8469 18222 0 0 0 0 453
8479 18230 0 0 0 0 453
8488 18230 0 0 0 0 462
8498 18235 0 0 0 0 467
8510 18235 0 0 0 0 465
8527 18235 0 0 0 0 468
8547 18244 0 0 0 0 474
8571 18251 0 0 0 0 493
8603 18256 0 0 0 0 491
8641 18262 0 0 0 0 502
8681 18262 0 0 0 0 516
8725 18274 0 0 0 0 505
8765 18284 0 0 0 0 500
8802 18295 0 0 0 0 497
8833 18308 0 0 0 0 498
8856 18319 0 0 0 0 489
8873 18328 0 0 0 0 485
8885 18333 0 0 0 0 479
8895 18333 0 0 0 0 488
8906 18325 0 0 0 0 489
8918 18312 0 0 0 0 489
8934 18298 0 0 0 0 491
8951 18287 0 0 0 0 489
8966 18281 0 0 0 0 482
8979 18281 0 0 0 0 479
8991 18281 0 0 0 0 481
9005 18291 0 0 0 0 474
9025 18299 0 0 0 0 471
9050 18305 0 0 0 0 467
9076 18305 0 0 0 0 470
9103 18305 0 0 0 0 481
9126 18305 0 0 0 0 493
9149 18305 0 0 0 0 492
9174 18305 0 0 0 0 494
9201 18305 0 0 0 0 494
9229 18305 0 0 0 0 496
9257 18318 0 0 0 0 484
9284 18328 0 0 0 0 476
9313 18337 0 0 0 0 471
9343 18343 0 0 0 0 473
9373 18343 0 0 0 0 470
9403 18343 0 0 0 0 473
9433 18343 0 0 0 0 479
9464 18343 0 0 0 0 487
9498 18343 0 0 0 0 492
9534 18343 0 0 0 0 495
9571 18354 0 0 0 0 497
9608 18364 0 0 0 0 503
9643 18374 0 0 0 0 513
9675 18383 0 0 0 0 513
9705 18389 0 0 0 0 513
9729 18389 0 0 0 0 522
9752 18389 0 0 0 0 512
9774 18394 0 0 0 0 521
9794 18394 0 0 0 0 516
9819 18401 0 0 0 0 521
9845 18406 0 0 0 0 516
9871 18411 0 0 0 0 521
9898 18416 0 0 0 0 522
9920 18416 0 0 0 0 521
9940 18425 0 0 0 0 526
9956 18431 0 0 0 0 526
9968 18436 0 0 0 0 527
9977 18436 0 0 0 0 533
9977 18441 0 0 0 0 542
9977 18441 0 0 0 0 568
9977 18441 0 0 0 0 574
9977 18441 0 0 0 0 574
9965 18446 0 0 0 0 570
9957 18446 0 0 0 0 561
9946 18452 0 0 0 0 557
9934 18452 0 0 0 0 538
9921 18461 0 0 0 0 541
9909 18461 0 0 0 0 540
9901 18467 0 0 0 0 535
9896 18467 0 0 0 0 516
9896 18467 0 0 0 0 509
9896 18467 0 0 0 0 500
9896 18472 0 0 0 0 493
9891 18472 0 0 0 0 467
9885 18472 0 0 0 0 441
9875 18478 0 0 0 0 411
9861 18478 0 0 0 0 411
9841 18478 0 0 0 0 400
9816 18478 0 0 0 0 377
9785 18478 0 0 0 0 390
9746 18478 0 0 0 0 364
9699 18471 0 0 0 0 365
9646 18462 0 0 0 0 364
9585 18452 0 0 0 0 370
9517 18441 0 0 0 0 367
9445 18430 0 0 0 0 361
9372 18418 0 0 0 0 375
9299 18406 0 0 0 0 389
9232 18394 0 0 0 0 395
9168 18381 0 0 0 0 396
9105 18371 0 0 0 0 396
9043 18361 0 0 0 0 386
8982 18353 0 0 0 0 386
8925 18347 0 0 0 0 388
8870 18341 0 0 0 0 395
8821 18341 0 0 0 0 394
8775 18336 0 0 0 0 398
8733 18336 0 0 0 0 388
8697 18336 0 0 0 0 398
8666 18336 0 0 0 0 403
8640 18336 0 0 0 0 402
8618 18331 0 0 0 0 408
8601 18331 0 0 0 0 414
8590 18331 0 0 0 0 422
8585 18331 0 0 0 0 422
8585 18331 0 0 0 0 422
8585 18331 0 0 0 0 414
8593 18331 0 0 0 0 423
8598 18331 0 0 0 0 435
8605 18336 0 0 0 0 438
8614 18336 0 0 0 0 440
8623 18336 0 0 0 0 457
8634 18336 0 0 0 0 465
8645 18336 0 0 0 0 485
8656 18336 0 0 0 0 492
8666 18345 0 0 0 0 505
8675 18352 0 0 0 0 513
8680 18359 0 0 0 0 544
8680 18366 0 0 0 0 568
8680 18380 0 0 0 0 544
8665 18399 0 0 0 0 551
8644 18426 0 0 0 0 542
8609 18462 0 0 0 0 521
8555 18505 0 0 0 0 513
8478 18554 0 0 0 0 490
8380 18608 0 0 0 0 522
8257 18662 0 0 0 0 494
8105 18711 0 0 0 0 493
7926 18756 0 0 0 0 498
7714 18794 0 0 0 0 492
7469 18824 0 0 0 0 479
7193 18842 0 0 0 0 495
6885 18842 0 0 0 0 481
6547 18825 0 0 0 0 471
6192 18780 0 0 0 0 470
5828 18714 0 0 0 0 471
5470 18629 0 0 0 0 440
5141 18530 0 0 0 0 419
4863 18425 0 0 0 0 389
4665 18319 0 0 0 0 369
4559 18219 0 0 0 0 261
4552 18130 0 0 0 0 248
4638 18052 0 0 0 0 321
4805 17995 0 0 0 0 380
5048 17965 0 0 0 0 465
5359 17965 0 0 0 0 484
5713 18010 0 0 0 0 540
6092 18086 0 0 0 0 533
6470 18190 0 0 0 0 530
6818 18315 0 0 0 0 526
7125 18449 0 0 0 0 527
7372 18579 0 0 0 0 511
7545 18699 0 0 0 0 516
7637 18806 0 0 0 0 519
7644 18899 0 0 0 0 505
7563 18981 0 0 0 0 448
7395 19044 0 0 0 0 431
7146 19081 0 0 0 0 417
6829 19081 0 0 0 0 414
6464 19031 0 0 0 0 395
6064 18926 0 0 0 0 416
5654 18768 0 0 0 0 386
5251 18563 0 0 0 0 382
4878 18342 0 0 0 0 369
4560 18113 0 0 0 0 352
4315 17902 0 0 0 0 368
4155 17727 0 0 0 0 358
4082 17585 0 0 0 0 358
4092 17480 0 0 0 0 385
4175 17406 0 0 0 0 438
4323 17362 0 0 0 0 440
4525 17352 0 0 0 0 484
4766 17379 0 0 0 0 484
5034 17442 0 0 0 0 502
5309 17529 0 0 0 0 468
5564 17628 0 0 0 0 435
5777 17720 0 0 0 0 398
5927 17794 0 0 0 0 353
6000 17839 0 0 0 0 318
5995 17850 0 0 0 0 301
5915 17822 0 0 0 0 305
5773 17753 0 0 0 0 337
5575 17641 0 0 0 0 326
5356 17497 0 0 0 0 347
5154 17340 0 0 0 0 345
4999 17186 0 0 0 0 305
4915 17049 0 0 0 0 260
4905 16934 0 0 0 0 273
4970 16843 0 0 0 0 368
5110 16783 0 0 0 0 406
5333 16763 0 0 0 0 463
5630 16787 0 0 0 0 456
5994 16853 0 0 0 0 470
6410 16949 0 0 0 0 468
6860 17067 0 0 0 0 511
7335 17193 0 0 0 0 515
7821 17318 0 0 0 0 568
8305 17439 0 0 0 0 551
8770 17547 0 0 0 0 581
9212 17646 0 0 0 0 586
9617 17737 0 0 0 0 598
9973 17823 0 0 0 0 611
10278 17896 0 0 0 0 616
10516 17958 0 0 0 0 614
10682 18006 0 0 0 0 617
10776 18032 0 0 0 0 650
10809 18047 0 0 0 0 702
10786 18047 0 0 0 0 690
10721 18038 0 0 0 0 675
10634 18024 0 0 0 0 648
10534 18005 0 0 0 0 564
10442 17982 0 0 0 0 362
10367 17952 0 0 0 0 105
