138
208 66 143655040 255
207 69 143655072 255
207 71 143655088 255
205 81 143655104 255
205 89 143655120 255
201 115 143655136 255
197 161 143655152 255
195 171 143655168 255
194 184 143655184 255
194 188 143655200 255
194 193 143655216 255
194 193 143655232 255
196 190 143655248 255
200 180 143655264 255
225 131 143655280 255
231 119 143655280 255
241 99 143655312 255
247 94 143655312 255
249 91 143655328 255
252 89 143655344 255
255 86 143655360 255
256 87 143655376 255
253 96 143655392 255
248 103 143655408 255
216 142 143655424 255
202 159 143655456 255
200 162 143655456 255
199 165 143655472 255
200 165 143655488 255
204 163 143655504 255
210 161 143655520 255
227 153 143655536 255
237 149 143655552 255
248 148 143655568 255
255 150 143655584 255
256 153 143655600 255
253 163 143655616 255
248 171 143655648 255
239 184 143655648 255
230 198 143655680 255
228 203 143655696 255
227 205 143655712 255
227 206 143655712 255
227 207 143655728 255
229 207 143655776 255
302 153 143655872 255
295 151 143655920 255
292 152 143655936 255
286 156 143655952 255
282 160 143655968 255
276 168 143655984 255
273 172 143656000 255
270 179 143656032 255
270 182 143656048 255
272 183 143656064 255
282 180 143656080 255
288 176 143656096 255
295 171 143656096 255
302 164 143656112 255
310 155 143656128 255
312 151 143656144 255
309 146 143656160 255
304 144 143656176 255
292 149 143656192 255
276 158 143656208 255
269 163 143656224 255
263 169 143656256 255
262 171 143656256 255
262 174 143656288 255
265 174 143656320 255
328 146 143656400 255
329 142 143656432 255
330 140 143656448 255
339 132 143656464 255
348 126 143656480 255
388 93 143656496 255
405 80 143656512 255
409 77 143656528 255
412 76 143656560 255
410 77 143656560 255
398 85 143656592 255
372 108 143656592 255
338 138 143656608 255
325 153 143656624 255
312 168 143656624 255
300 186 143656640 255
296 193 143656656 255
294 199 143656656 255
294 203 143656688 255
294 206 143656704 255
297 207 143656704 255
311 205 143656736 255
324 198 143656736 255
382 157 143656768 255
394 144 143656768 255
403 137 143656784 255
408 132 143656800 255
410 129 143656816 255
408 129 143656832 255
395 133 143656848 255
383 140 143656864 255
367 152 143656864 255
358 160 143656880 255
354 165 143656896 255
354 166 143656912 255
365 162 143656928 255
391 147 143656944 255
406 138 143656960 255
416 132 143656992 255
417 131 143656992 255
410 133 143657024 255
400 138 143657024 255
357 161 143657040 255
322 179 143657056 255
302 190 143657056 255
288 198 143657072 255
282 200 143657088 255
278 201 143657104 255
279 200 143657120 255
286 195 143657136 255
300 185 143657136 255
352 150 143657168 255
357 148 143657168 255
359 146 143657200 255
356 147 143657200 255
303 176 143657232 255
221 229 143657248 255
197 243 143657264 255
178 255 143657280 255
177 257 143657296 255
177 257 143657296 255
179 255 143657312 255
213 237 143657328 255
274 203 143657344 255
355 168 143657376 255
440 134 143657392 255
478 113 143657408 255
505 107 143657440 255
